Static Retraining Report
================================================================================
Timestamp: 20260325_091259
Best Epoch: 19
Best Validation Accuracy: 0.998866
Test Accuracy: 0.997733
Num Classes: 26
Input Features: 126
Train Samples: 20581
Validation Samples: 4411
Test Samples: 4411

Per-epoch History
epoch,train_loss,train_acc,val_loss,val_acc
1,0.461362,0.894903,0.024457,0.994106
2,0.040955,0.991400,0.014408,0.996373
3,0.023300,0.995481,0.011151,0.997506
4,0.019377,0.994752,0.014361,0.996826
5,0.018582,0.995578,0.010360,0.997733
6,0.013878,0.995967,0.008687,0.997733
7,0.013032,0.996842,0.008929,0.998186
8,0.012597,0.996842,0.008244,0.997733
9,0.012376,0.996453,0.009019,0.997960
10,0.009104,0.997425,0.008975,0.998640
11,0.008093,0.997328,0.008435,0.998640
12,0.008444,0.997814,0.008021,0.998413
13,0.007442,0.997473,0.007059,0.998640
14,0.009081,0.997230,0.006321,0.998640
15,0.008446,0.997182,0.008314,0.998186
16,0.006038,0.998056,0.005964,0.998640
17,0.003509,0.999028,0.006771,0.998640
18,0.003742,0.998737,0.006829,0.998640
19,0.003125,0.999028,0.008215,0.998866
20,0.002757,0.999271,0.007673,0.998640
21,0.003619,0.998640,0.007814,0.998640
22,0.004149,0.998640,0.005393,0.998640
23,0.003073,0.999125,0.005389,0.998640
24,0.003524,0.998834,0.005790,0.998866
25,0.002304,0.999368,0.006553,0.998866
26,0.002129,0.999368,0.006465,0.998640
27,0.002097,0.999223,0.006649,0.998640
28,0.001578,0.999514,0.006353,0.998866
29,0.002028,0.999223,0.007426,0.998640
30,0.001369,0.999417,0.006073,0.998640
31,0.001133,0.999806,0.006209,0.998866

Classification Report

              precision    recall  f1-score   support

           A     1.0000    1.0000    1.0000       180
           B     1.0000    1.0000    1.0000       139
           C     0.9949    1.0000    0.9974       194
           D     1.0000    0.9890    0.9945       182
           E     0.9945    1.0000    0.9972       181
           F     0.9946    1.0000    0.9973       183
           G     1.0000    1.0000    1.0000       147
           H     1.0000    1.0000    1.0000       159
           I     0.9901    0.9950    0.9926       201
           J     1.0000    1.0000    1.0000       180
           K     0.9941    1.0000    0.9970       168
           L     1.0000    0.9943    0.9972       176
           M     1.0000    1.0000    1.0000       168
           N     0.9944    1.0000    0.9972       176
           O     1.0000    0.9946    0.9973       186
           P     0.9815    1.0000    0.9907       159
           Q     1.0000    1.0000    1.0000       109
           R     1.0000    1.0000    1.0000       160
           S     1.0000    0.9884    0.9942       172
           T     1.0000    0.9942    0.9971       172
           U     1.0000    0.9943    0.9972       176
           V     1.0000    1.0000    1.0000       195
           W     1.0000    1.0000    1.0000       182
           X     1.0000    0.9944    0.9972       177
           Y     1.0000    1.0000    1.0000       145
           Z     1.0000    1.0000    1.0000       144

    accuracy                         0.9977      4411
   macro avg     0.9978    0.9979    0.9978      4411
weighted avg     0.9978    0.9977    0.9977      4411
